-----------  -----------  -----------  --------  --------  ----------
 0.710092     0.6856       3.30628     0.681109  0.659836   0.026508
-0.00900676  -0.00328972  -0.999954
 2.18301      1.71484      0.0221499   2.29265   1.69564    3.30026
-0.0255943    0.00682214  -0.999649
 3.81619      2.31661      0.00010326  3.68701   2.32758    3.27754
-0.0422903    0.00338191   0.9991
 2.42108      1.96552      2.46191     2.31565   0.925053   1.14711
-0.0665268   -0.629281    -0.774325
 2.48         2.60488     -0.0166881   2.51174   2.6448     1.66254
 0.0206797   -0.0223605   -0.999536
 1.43203      2.01959     -0.0247007   1.45294   2.0577     1.65474
-0.0124309   -0.0166337   -0.999784
 3.52121      1.41707     -0.0330927   3.50064   1.38962    1.64656
 0.0126103    0.0111756   -0.999858
 4.12152      0.815673    -0.019951    4.12186   0.8234     1.66003
 0.0037551   -0.0411933   -0.999144
 3.6644       1.25674      1.24391     3.55961   2.4789     2.39184
 0.00418551  -0.71716     -0.696896
 2.50278      1.13623      1.65114     2.46738   1.1245    -0.0284426
-0.0169873    0.0356648   -0.999219
 2.43723      2.47285      1.19493     3.93132   2.45404    1.96287
 0.886416    -0.012793     0.462712
 2.09853      1.55113      1.01561     3.77844   1.562      1.00207
 0.999405     0.00956968  -0.0331486
-----------  -----------  -----------  --------  --------  ----------