------------  -----------  ---------  ---------  --------  --------
 0.276361      1.63661      1.92391    0.281837  1.63814   0.323919
-0.000828332   0.00130962  -0.999999
 0.673199      0.747752     0.398761   1.50077   0.781844  1.76769
-0.515536     -0.064782    -0.854416
 0.880866      1.06268      0.326236   0.864837  1.04695   1.92608
 0.00255866   -0.00680286   0.999974
 1.30889       0.631059     0.287852   1.3303    0.616207  1.88764
 0.0166147     0.0121153   -0.999789
 1.34905       1.25189      1.83028    0.39868   1.18138   0.545047
 0.593186      0.0439688    0.803864
 0.88638       1.52356      1.63204   -0.245606  1.45457   0.503388
-0.708057     -0.0400187   -0.70502
 0.633498      1.35785      1.95589    0.572579  1.3423    0.357126
-0.0530943    -0.0126427   -0.998509
------------  -----------  ---------  ---------  --------  --------